package edu.stanford.rsl.conrad.reconstruction;


import ij.process.FloatProcessor;

import java.util.ArrayList;

import Jama.Matrix;
import edu.stanford.rsl.conrad.data.numeric.Grid2D;
import edu.stanford.rsl.conrad.geometry.shapes.simple.PointND;
import edu.stanford.rsl.conrad.numerics.SimpleMatrix;
import edu.stanford.rsl.conrad.numerics.SimpleOperators;
import edu.stanford.rsl.conrad.numerics.SimpleVector;
import edu.stanford.rsl.conrad.utils.CONRAD;


/**
 * The VOIBasedReconstructionFilter is an implementation of the backprojection which employs a volume-of-interest (VOI) to
 * speed up reconstruction. Only voxels within the VOI will be regarded in the backprojection step. Often this can save up to 30 to 40 % in computation time
 * as volumes are usually described as boxes but the VOI is just a cylinder.
 * 
 * This version of the reconstruction algorithm applies the motion field stored in 4D_SPLINE_LOCATION before the backprojection.
 * 
 * @author J.-H. Choi
 *
 */
public class RigidBody3DTransformationVOIBasedReconstructionFilterForXCAT extends VOIBasedReconstructionFilter {

	/**
	 * 
	 */
	private static final long serialVersionUID = 4449313613390154787L;	
	
	ArrayList<Matrix> TranslationTransform;// = new ArrayList<Matrix>(getGeometry().getNumProjectionMatrices());
	ArrayList<Matrix> RotationTransform;// = new ArrayList<Matrix>(getGeometry().getNumProjectionMatrices());
	
	@Override
	public void prepareForSerialization(){
		super.prepareForSerialization();		
	}

	protected synchronized void initialize(Grid2D projection){
		if (!init){
			super.initialize(projection);		
			readInTRMatrix();			
		}
	}

	public void backproject(Grid2D projection, int projectionNumber){
		int count = 0;
		//System.out.println(projectionVolume);
		if ((!init)){
			initialize(projection);
		}
		
		FloatProcessor currentProjection = new FloatProcessor(projection.getWidth(), projection.getHeight(), projection.getBuffer(), null);
		//ImageProcessor currentProjection = projection;
		int p = projectionNumber;
		double[] voxel = new double [4];
		SimpleMatrix mat = getGeometry().getProjectionMatrix(p).computeP();
		SimpleVector centerTranlation = null;

		voxel[3] = 1;
		double [] times = new double [getGeometry().getNumProjectionMatrices()];
		for (int i=0; i< times.length; i++){
			times [i]= ((double)i) / getGeometry().getNumProjectionMatrices();
		}
		System.out.println("Processing projection " + p);
		if (mat != null){
			boolean nanHappened = false;
			for (int k = 0; k < maxK ; k=k+10){ // for all slices
				if (debug) System.out.println("here: " + " " + k);
				voxel[2] = (this.getGeometry().getVoxelSpacingZ() * (k)) - offsetZ;
				for (int j = 0; j < maxJ; j++){ // for all voxels
					voxel[1] = (this.getGeometry().getVoxelSpacingY() * j) - offsetY;
					for (int i=0; i < maxI; i++){ // for all lines
						voxel[0] = (this.getGeometry().getVoxelSpacingX() * i) - offsetX;
						// compute real world coordinates in homogenious coordinates;
						boolean project = true;
						if (useVOImap){
							if (voiMap != null){
								project = voiMap[i][j][k];
							}
						}
						if (project){			
							PointND point = new PointND(voxel[0], voxel[1], voxel[2]);
							if (centerTranlation !=null){
								point.getAbstractVector().add(centerTranlation);
							}
							
							// compute compensated position
							point = getTransformedPoint(p, point);
							
							if (centerTranlation != null){
								point.getAbstractVector().subtract(centerTranlation);
							}
							
							// Compute coordinates in projection data.
							SimpleVector homogeniousPoint = SimpleOperators.multiply(mat, new SimpleVector(point.get(0), point.get(1), point.get(2), voxel[3]));
							// Transform to 2D coordinates
							double coordX = homogeniousPoint.getElement(0) / homogeniousPoint.getElement(2);
							double coordY = homogeniousPoint.getElement(1) / homogeniousPoint.getElement(2);
							// back project
							double increment = currentProjection.getInterpolatedValue(coordX + lineOffset, coordY) / (homogeniousPoint.getElement(2)*homogeniousPoint.getElement(2));
							if (Double.isNaN(increment)){
								nanHappened = true;
								if (count < 10) System.out.println("NAN Happened at i = " + i + " j = " + j + " k = " + k + " projection = " + projectionNumber + " x = " + coordX + " y = " + coordY  );
								increment = 0;
								count ++;
							}
							updateVolume(i, j, k, increment);
						}
					}
				}
			}
			if (nanHappened) {
				throw new RuntimeException("Encountered NaN in projection!");
			}
			if (debug) System.out.println("done with projection");
		}
	}
	
	private PointND getTransformedPoint(int imageIndex, PointND point) {
		
		//PointND pointTransformed = new PointND(0, 0, 0);		
		Matrix Tmat = TranslationTransform.get(imageIndex);
		Matrix Rmat = RotationTransform.get(imageIndex);
		
		double [][] arrayPoint =
		{
			{point.get(0)},
			{point.get(1)},
			{point.get(2)},
		};		
		
		Matrix Pmat = new Matrix(arrayPoint);				
		Matrix Rlt = Rmat.times(Pmat).plus(Tmat);
		
		return new PointND(Rlt.get(0, 0), Rlt.get(1, 0), Rlt.get(2, 0));
	}
	
	private void readInTRMatrix() {
		
		TranslationTransform = new ArrayList<Matrix>(getGeometry().getNumProjectionMatrices());
		RotationTransform = new ArrayList<Matrix>(getGeometry().getNumProjectionMatrices());
		
		// Bead number study, top&bottom with 8 markers, TB and 1 patella
		double [][][] arrayRotationTransform=
			{
				{
					{1.0000000000	,0.0000000000	,0.0000000000				},
					{0.0000000000	,1.0000000000	,0.0000000000				},
					{0.0000000000	,0.0000000000	,1.0000000000				},
				},
				{
					{0.9999999956	,0.0000392717	,-0.0000847218				},
					{-0.0000392741	,0.9999999988	,-0.0000281491				},
					{0.0000847207	,0.0000281524	,0.9999999960				},
				},
				{
					{0.9999999304	,-0.0000835071	,-0.0003637100				},
					{0.0000834522	,0.9999999851	,-0.0001509448				},
					{0.0003637226	,0.0001509144	,0.9999999225				},
				},
				{
					{0.9999999622	,-0.0002687786	,-0.0000584045				},
					{0.0002687679	,0.9999999472	,-0.0001828950				},
					{0.0000584537	,0.0001828793	,0.9999999816				},
				},
				{
					{0.9999999274	,-0.0000933231	,0.0003694653				},
					{0.0000935300	,0.9999998388	,-0.0005600220				},
					{-0.0003694130	,0.0005600565	,0.9999997749				},
				},
				{
					{0.9999998980	,-0.0002640638	,0.0003664051				},
					{0.0002643228	,0.9999997153	,-0.0007068223				},
					{-0.0003662184	,0.0007069191	,0.9999996831				},
				},
				{
					{0.9999999159	,-0.0003645453	,0.0001881027				},
					{0.0003646875	,0.9999996474	,-0.0007564273				},
					{-0.0001878269	,0.0007564959	,0.9999996962				},
				},
				{
					{0.9999996229	,-0.0001646266	,0.0008527219				},
					{0.0001653114	,0.9999996639	,-0.0008030184				},
					{-0.0008525894	,0.0008031591	,0.9999993140				},
				},
				{
					{0.9999987837	,-0.0000169307	,0.0015595603				},
					{0.0000183773	,0.9999995697	,-0.0009275558				},
					{-0.0015595439	,0.0009275833	,0.9999983537				},
				},
				{
					{0.9999974859	,0.0000704147	,0.0022412543				},
					{-0.0000685601	,0.9999996552	,-0.0008275481				},
					{-0.0022413118	,0.0008273924	,0.9999971460				},
				},
				{
					{0.9999965906	,-0.0001529352	,0.0026067883				},
					{0.0001542921	,0.9999998527	,-0.0005203145				},
					{-0.0026067083	,0.0005207149	,0.9999964670				},
				},
				{
					{0.9999966205	,-0.0003699532	,0.0025733601				},
					{0.0003706410	,0.9999998957	,-0.0002668088				},
					{-0.0025732612	,0.0002677617	,0.9999966533				},
				},
				{
					{0.9999978169	,-0.0005534457	,0.0020148984				},
					{0.0005534634	,0.9999998468	,-0.0000082254				},
					{-0.0020148935	,0.0000093406	,0.9999979701				},
				},
				{
					{0.9999987393	,-0.0008252413	,0.0013566100				},
					{0.0008251011	,0.9999996542	,0.0001038399				},
					{-0.0013566953	,-0.0001027204	,0.9999990744				},
				},
				{
					{0.9999992526	,-0.0009634924	,0.0007526435				},
					{0.0009634939	,0.9999995358	,-0.0000015987				},
					{-0.0007526416	,0.0000023239	,0.9999997168				},
				},
				{
					{0.9999991796	,-0.0011234996	,0.0006152848				},
					{0.0011234851	,0.9999993686	,0.0000238181				},
					{-0.0006153112	,-0.0000231268	,0.9999998104				},
				},
				{
					{0.9999994854	,-0.0010141233	,-0.0000276084				},
					{0.0010141194	,0.9999994758	,-0.0001411296				},
					{0.0000277515	,0.0001411016	,0.9999999897				},
				},
				{
					{0.9999994928	,-0.0009601436	,0.0003042292				},
					{0.0009602016	,0.9999995209	,-0.0001903183				},
					{-0.0003040463	,0.0001906104	,0.9999999356				},
				},
				{
					{0.9999992960	,-0.0009620658	,0.0006945827				},
					{0.0009620903	,0.9999995366	,-0.0000349212				},
					{-0.0006945488	,0.0000355894	,0.9999997582				},
				},
				{
					{0.9999992827	,-0.0009652917	,0.0007090622				},
					{0.0009653850	,0.9999995254	,-0.0001312333				},
					{-0.0007089352	,0.0001319178	,0.9999997400				},
				},
				{
					{0.9999987206	,-0.0012352876	,0.0010163223				},
					{0.0012353410	,0.9999992356	,-0.0000518897				},
					{-0.0010162574	,0.0000531451	,0.9999994822				},
				},
				{
					{0.9999976696	,-0.0012360090	,0.0017700514				},
					{0.0012358829	,0.9999992337	,0.0000723597				},
					{-0.0017701395	,-0.0000701720	,0.9999984308				},
				},
				{
					{0.9999967949	,-0.0016407543	,0.0019282398				},
					{0.0016403196	,0.9999986289	,0.0002270165				},
					{-0.0019286096	,-0.0002238528	,0.9999981152				},
				},
				{
					{0.9999963865	,-0.0018404676	,0.0019595021				},
					{0.0018399749	,0.9999982752	,0.0002532107				},
					{-0.0019599647	,-0.0002496044	,0.9999980481				},
				},
				{
					{0.9999956151	,-0.0021091393	,0.0020787911				},
					{0.0021085172	,0.9999977316	,0.0003014339				},
					{-0.0020794222	,-0.0002970494	,0.9999977939				},
				},
				{
					{0.9999953147	,-0.0019192277	,0.0023847532				},
					{0.0019193349	,0.9999981572	,-0.0000426727				},
					{-0.0023846669	,0.0000472497	,0.9999971556				},
				},
				{
					{0.9999950046	,-0.0022534731	,0.0022164526				},
					{0.0022532162	,0.9999974545	,0.0001184295				},
					{-0.0022167139	,-0.0001134348	,0.9999975367				},
				},
				{
					{0.9999944304	,-0.0023130829	,0.0024059829				},
					{0.0023125794	,0.9999973035	,0.0002120244				},
					{-0.0024064668	,-0.0002064592	,0.9999970831				},
				},
				{
					{0.9999940463	,-0.0023809856	,0.0024976376				},
					{0.0023807985	,0.9999971629	,0.0000778636				},
					{-0.0024978159	,-0.0000719167	,0.9999968779				},
				},
				{
					{0.9999944535	,-0.0023533377	,0.0023568687				},
					{0.0023537078	,0.9999972181	,-0.0001542700				},
					{-0.0023564991	,0.0001598165	,0.9999972107				},
				},
				{
					{0.9999947971	,-0.0021574435	,0.0023981791				},
					{0.0021580005	,0.9999976451	,-0.0002297215				},
					{-0.0023976779	,0.0002348956	,0.9999970980				},
				},
				{
					{0.9999948809	,-0.0019635752	,0.0025263648				},
					{0.0019644107	,0.9999980167	,-0.0003282820				},
					{-0.0025257152	,0.0003332431	,0.9999967549				},
				},
				{
					{0.9999957505	,-0.0017234129	,0.0023513324				},
					{0.0017246331	,0.9999983792	,-0.0005170136				},
					{-0.0023504376	,0.0005210666	,0.9999971020				},
				},
				{
					{0.9999957992	,-0.0012999015	,0.0025907068				},
					{0.0013021603	,0.9999987734	,-0.0008703829				},
					{-0.0025895722	,0.0008737527	,0.9999962653				},
				},
				{
					{0.9999962185	,-0.0009654152	,0.0025750696				},
					{0.0009679409	,0.9999990516	,-0.0009797839				},
					{-0.0025741213	,0.0009822727	,0.9999962045				},
				},
				{
					{0.9999966039	,-0.0003720742	,0.0025794945				},
					{0.0003750143	,0.9999992806	,-0.0011394121				},
					{-0.0025790687	,0.0011403755	,0.9999960240				},
				},
				{
					{0.9999973522	,-0.0003694484	,0.0022713833				},
					{0.0003719620	,0.9999993188	,-0.0011063377				},
					{-0.0022709730	,0.0011071796	,0.9999968084				},
				},
				{
					{0.9999976476	,-0.0006529842	,0.0020684116				},
					{0.0006551902	,0.9999992172	,-0.0010660284				},
					{-0.0020677139	,0.0010673810	,0.9999972926				},
				},
				{
					{0.9999983755	,-0.0006414609	,0.0016845091				},
					{0.0006439463	,0.9999987044	,-0.0014752771				},
					{-0.0016835606	,0.0014763594	,0.9999974930				},
				},
				{
					{0.9999989653	,-0.0006071366	,0.0013041080				},
					{0.0006093631	,0.9999983564	,-0.0017075671				},
					{-0.0013030691	,0.0017083601	,0.9999976918				},
				},
				{
					{0.9999992901	,-0.0004050458	,0.0011206076				},
					{0.0004072983	,0.9999978958	,-0.0020105989				},
					{-0.0011197909	,0.0020110539	,0.9999973509				},
				},
				{
					{0.9999993822	,-0.0006143018	,0.0009264165				},
					{0.0006161535	,0.9999978107	,-0.0019997389				},
					{-0.0009251860	,0.0020003085	,0.9999975714				},
				},
				{
					{0.9999995343	,-0.0005766216	,0.0007738852				},
					{0.0005784700	,0.9999969758	,-0.0023903500				},
					{-0.0007725046	,0.0023907966	,0.9999968437				},
				},
				{
					{0.9999994756	,-0.0006404840	,0.0007991444				},
					{0.0006423431	,0.9999970830	,-0.0023283692				},
					{-0.0007976508	,0.0023288813	,0.9999969700				},
				},
				{
					{0.9999995505	,-0.0006030006	,0.0007316773				},
					{0.0006047999	,0.9999967876	,-0.0024615127				},
					{-0.0007301906	,0.0024619542	,0.9999967028				},
				},
				{
					{0.9999990292	,-0.0007047782	,0.0012020241				},
					{0.0007077105	,0.9999967709	,-0.0024407833				},
					{-0.0012003000	,0.0024416316	,0.9999962989				},
				},
				{
					{0.9999985528	,-0.0011105596	,0.0012888335				},
					{0.0011132340	,0.9999972250	,-0.0020762419				},
					{-0.0012865241	,0.0020776737	,0.9999970141				},
				},
				{
					{0.9999972107	,-0.0012900808	,0.0019784425				},
					{0.0012931651	,0.9999979494	,-0.0015584683				},
					{-0.0019764279	,0.0015610224	,0.9999968285				},
				},
				{
					{0.9999963223	,-0.0014183968	,0.0023116101				},
					{0.0014213575	,0.9999981711	,-0.0012796819				},
					{-0.0023097908	,0.0012829628	,0.9999965094				},
				},
				{
					{0.9999953407	,-0.0017845035	,0.0024767151				},
					{0.0017869402	,0.9999979213	,-0.0009820075				},
					{-0.0024749575	,0.0009864287	,0.9999964508				},
				},
				{
					{0.9999951002	,-0.0021559416	,0.0022696896				},
					{0.0021577938	,0.9999973407	,-0.0008139270				},
					{-0.0022679288	,0.0008188206	,0.9999970930				},
				},
				{
					{0.9999951782	,-0.0022795076	,0.0021088830				},
					{0.0022814359	,0.9999969813	,-0.0009124008				},
					{-0.0021067968	,0.0009172077	,0.9999973601				},
				},
				{
					{0.9999952488	,-0.0021785716	,0.0021808885				},
					{0.0021805921	,0.9999971951	,-0.0009245211				},
					{-0.0021788682	,0.0009292724	,0.9999971945				},
				},
				{
					{0.9999952547	,-0.0018148991	,0.0024893077				},
					{0.0018168028	,0.9999980587	,-0.0007627269				},
					{-0.0024879186	,0.0007672459	,0.9999966108				},
				},
				{
					{0.9999951428	,-0.0016206912	,0.0026622802				},
					{0.0016230985	,0.9999982757	,-0.0009022795				},
					{-0.0026608133	,0.0009065962	,0.9999960491				},
				},
				{
					{0.9999939849	,-0.0013990712	,0.0031737585				},
					{0.0014022768	,0.9999985087	,-0.0010080293				},
					{-0.0031723434	,0.0010124738	,0.9999944556				},
				},
				{
					{0.9999931530	,-0.0011194961	,0.0035271224				},
					{0.0011224266	,0.9999990265	,-0.0008289748				},
					{-0.0035261910	,0.0008329280	,0.9999934361				},
				},
				{
					{0.9999934574	,-0.0007464240	,0.0035394829				},
					{0.0007495225	,0.9999993370	,-0.0008741619				},
					{-0.0035388281	,0.0008768091	,0.9999933539				},
				},
				{
					{0.9999937722	,-0.0008105583	,0.0034349003				},
					{0.0008131076	,0.9999993950	,-0.0007408526				},
					{-0.0034342977	,0.0007436410	,0.9999938263				},
				},
				{
					{0.9999943982	,-0.0009651890	,0.0032050075				},
					{0.0009675333	,0.9999992655	,-0.0007299886				},
					{-0.0032043006	,0.0007330854	,0.9999945975				},
				},
				{
					{0.9999952244	,-0.0010995095	,0.0028883072				},
					{0.0011010309	,0.9999992560	,-0.0005251933				},
					{-0.0028877276	,0.0005283709	,0.9999956909				},
				},
				{
					{0.9999957327	,-0.0012487859	,0.0026410418				},
					{0.0012502657	,0.9999990623	,-0.0005587385				},
					{-0.0026403416	,0.0005620381	,0.9999963563				},
				},
				{
					{0.9999962548	,-0.0011088993	,0.0025021402				},
					{0.0011099493	,0.9999992965	,-0.0004182644				},
					{-0.0025016746	,0.0004210401	,0.9999967822				},
				},
				{
					{0.9999957670	,-0.0014921476	,0.0024979127				},
					{0.0014931824	,0.9999988001	,-0.0004124646				},
					{-0.0024972943	,0.0004161927	,0.9999967951				},
				},
				{
					{0.9999954840	,-0.0019114738	,0.0023191100				},
					{0.0019123883	,0.9999980945	,-0.0003921768				},
					{-0.0023183559	,0.0003966101	,0.9999972340				},
				},
				{
					{0.9999939708	,-0.0019847395	,0.0028494151				},
					{0.0019852880	,0.9999980113	,-0.0001897101				},
					{-0.0028490329	,0.0001953659	,0.9999959224				},
				},
				{
					{0.9999934818	,-0.0023220876	,0.0027648273				},
					{0.0023222128	,0.9999973028	,-0.0000420880				},
					{-0.0027647222	,0.0000485082	,0.9999961770				},
				},
				{
					{0.9999930198	,-0.0022800625	,0.0029600127				},
					{0.0022802027	,0.9999973994	,-0.0000439712				},
					{-0.0029599047	,0.0000507204	,0.9999956182				},
				},
				{
					{0.9999921628	,-0.0024774987	,0.0030881016				},
					{0.0024770649	,0.9999969217	,0.0001442858				},
					{-0.0030884495	,-0.0001366352	,0.9999952214				},
				},
				{
					{0.9999899630	,-0.0028999081	,0.0034153175				},
					{0.0028993685	,0.9999957835	,0.0001629454				},
					{-0.0034157756	,-0.0001530415	,0.9999941545				},
				},
				{
					{0.9999896560	,-0.0028190182	,0.0035694675				},
					{0.0028186158	,0.9999960208	,0.0001177566				},
					{-0.0035697852	,-0.0001076944	,0.9999936225				},
				},
				{
					{0.9999881974	,-0.0034256555	,0.0034452742				},
					{0.0034246441	,0.9999940911	,0.0002994297				},
					{-0.0034462796	,-0.0002876273	,0.9999940202				},
				},
				{
					{0.9999869757	,-0.0036434397	,0.0035740497				},
					{0.0036421550	,0.9999933004	,0.0003658790				},
					{-0.0035753588	,-0.0003528570	,0.9999935461				},
				},
				{
					{0.9999853399	,-0.0038814311	,0.0037755233				},
					{0.0038803231	,0.9999924263	,0.0003007516				},
					{-0.0037766621	,-0.0002860969	,0.9999928275				},
				},
				{
					{0.9999852687	,-0.0042205064	,0.0034131586				},
					{0.0042189875	,0.9999909978	,0.0004520697				},
					{-0.0034150358	,-0.0004376629	,0.9999940730				},
				},
				{
					{0.9999844517	,-0.0044632645	,0.0033430114				},
					{0.0044617685	,0.9999899428	,0.0004548246				},
					{-0.0033450078	,-0.0004399018	,0.9999943087				},
				},
				{
					{0.9999836055	,-0.0048033170	,0.0031171887				},
					{0.0048009502	,0.9999881818	,0.0007663133				},
					{-0.0031208327	,-0.0007513352	,0.9999948479				},
				},
				{
					{0.9999841607	,-0.0047910428	,0.0029536901				},
					{0.0047898894	,0.9999884494	,0.0003974608				},
					{-0.0029555602	,-0.0003833067	,0.9999955589				},
				},
				{
					{0.9999837259	,-0.0049663825	,0.0028076707				},
					{0.0049645954	,0.9999874695	,0.0006431143				},
					{-0.0028108294	,-0.0006291649	,0.9999958517				},
				},
				{
					{0.9999834551	,-0.0051339289	,0.0025946711				},
					{0.0051318186	,0.9999864965	,0.0008193403				},
					{-0.0025988425	,-0.0008060113	,0.9999962982				},
				},
				{
					{0.9999804180	,-0.0058373097	,0.0022559799				},
					{0.0058349544	,0.9999824261	,0.0010492259				},
					{-0.0022620649	,-0.0010360418	,0.9999969048				},
				},
				{
					{0.9999776127	,-0.0064473089	,0.0017906409				},
					{0.0064454582	,0.9999786897	,0.0010374372				},
					{-0.0017972915	,-0.0010258724	,0.9999978587				},
				},
				{
					{0.9999715934	,-0.0073708828	,0.0015755658				},
					{0.0073690508	,0.9999721691	,0.0011653965				},
					{-0.0015841120	,-0.0011537530	,0.9999980797				},
				},
				{
					{0.9999682198	,-0.0078989913	,0.0010795432				},
					{0.0078976273	,0.9999680170	,0.0012618886				},
					{-0.0010894763	,-0.0012533227	,0.9999986211				},
				},
				{
					{0.9999698457	,-0.0077087886	,0.0009393437				},
					{0.0077078995	,0.9999698459	,0.0009463882				},
					{-0.0009466108	,-0.0009391193	,0.9999991110				},
				},
				{
					{0.9999668032	,-0.0080807415	,0.0010460240				},
					{0.0080791808	,0.9999662562	,0.0014877442				},
					{-0.0010580108	,-0.0014792438	,0.9999983462				},
				},
				{
					{0.9999649143	,-0.0083126785	,0.0010341815				},
					{0.0083111203	,0.9999643342	,0.0015019000				},
					{-0.0010466294	,-0.0014932521	,0.9999983374				},
				},
				{
					{0.9999629766	,-0.0084975190	,0.0013555731				},
					{0.0084955884	,0.9999628984	,0.0014236385				},
					{-0.0013676202	,-0.0014120694	,0.9999980678				},
				},
				{
					{0.9999603097	,-0.0087923548	,0.0014399668				},
					{0.0087904599	,0.9999604959	,0.0013170104				},
					{-0.0014514895	,-0.0013043002	,0.9999980960				},
				},
				{
					{0.9999582418	,-0.0089675948	,0.0017598022				},
					{0.0089649205	,0.9999586564	,0.0015217241				},
					{-0.0017733757	,-0.0015058841	,0.9999972937				},
				},
				{
					{0.9999555071	,-0.0092820062	,0.0016817280				},
					{0.0092792700	,0.9999556221	,0.0016275410				},
					{-0.0016967602	,-0.0016118633	,0.9999972614				},
				},
				{
					{0.9999536720	,-0.0095088611	,0.0014951294				},
					{0.0095064136	,0.9999534753	,0.0016356318				},
					{-0.0015106128	,-0.0016213427	,0.9999975446				},
				},
				{
					{0.9999502198	,-0.0099036042	,0.0012151198				},
					{0.0099017909	,0.9999498669	,0.0014893866				},
					{-0.0012298092	,-0.0014772806	,0.9999981526				},
				},
				{
					{0.9999496165	,-0.0099829678	,0.0010510971				},
					{0.0099815349	,0.9999492587	,0.0013598039				},
					{-0.0010646186	,-0.0013492438	,0.9999985231				},
				},
				{
					{0.9999519152	,-0.0097615862	,0.0009374146				},
					{0.0097605104	,0.9999517091	,0.0011454222				},
					{-0.0009485505	,-0.0011362175	,0.9999989046				},
				},
				{
					{0.9999522517	,-0.0097409182	,0.0007803278				},
					{0.0097397962	,0.9999515461	,0.0014288972				},
					{-0.0007942087	,-0.0014212287	,0.9999986747				},
				},
				{
					{0.9999545180	,-0.0095181706	,0.0006052184				},
					{0.0095173465	,0.9999537975	,0.0013501801				},
					{-0.0006180417	,-0.0013443586	,0.9999989054				},
				},
				{
					{0.9999583168	,-0.0091238907	,0.0003455071				},
					{0.0091235246	,0.9999578319	,0.0010467585				},
					{-0.0003550430	,-0.0010435626	,0.9999993925				},
				},
				{
					{0.9999590495	,-0.0090498197	,0.0000072735				},
					{0.0090498032	,0.9999582429	,0.0012702182				},
					{-0.0000187685	,-0.0012701004	,0.9999991932				},
				},
				{
					{0.9999590495	,-0.0090405675	,-0.0004093002				},
					{0.0090410472	,0.9999584259	,0.0011857356				},
					{0.0003985634	,-0.0011893876	,0.9999992133				},
				},
				{
					{0.9999581570	,-0.0091055293	,-0.0008795303				},
					{0.0091066009	,0.9999577873	,0.0012220546				},
					{0.0008683658	,-0.0012300130	,0.9999988665				},
				},
				{
					{0.9999565386	,-0.0092356879	,-0.0012739299				},
					{0.0092377048	,0.9999560729	,0.0015865318				},
					{0.0012592212	,-0.0015982310	,0.9999979300				},
				},
				{
					{0.9999579619	,-0.0090005823	,-0.0017503975				},
					{0.0090025747	,0.9999588334	,0.0011336861				},
					{0.0017401216	,-0.0011493965	,0.9999978254				},
				},
				{
					{0.9999524778	,-0.0094911102	,-0.0022273446				},
					{0.0094940462	,0.9999540707	,0.0013113257				},
					{0.0022147963	,-0.0013324099	,0.9999966597				},
				},
				{
					{0.9999469583	,-0.0099314393	,-0.0027289419				},
					{0.0099339170	,0.9999502561	,0.0008958885				},
					{0.0027199087	,-0.0009229501	,0.9999958751				},
				},
				{
					{0.9999380596	,-0.0106246182	,-0.0033157919				},
					{0.0106254224	,0.9999435233	,0.0002250005				},
					{0.0033132141	,-0.0002602182	,0.9999944774				},
				},
				{
					{0.9999310803	,-0.0111130466	,-0.0037861500				},
					{0.0111118637	,0.9999382058	,-0.0003333098				},
					{0.0037896201	,0.0002912156	,0.9999927770				},
				},
				{
					{0.9999281606	,-0.0112977769	,-0.0040042434				},
					{0.0112938023	,0.9999357090	,-0.0010138238				},
					{0.0040154399	,0.0009685279	,0.9999914691				},
				},
				{
					{0.9999232468	,-0.0116593227	,-0.0041905587				},
					{0.0116539374	,0.9999312361	,-0.0013072396				},
					{0.0042055121	,0.0012583027	,0.9999903651				},
				},
				{
					{0.9999162447	,-0.0124953201	,-0.0033720132				},
					{0.0124879426	,0.9999196021	,-0.0022001283				},
					{0.0033992334	,0.0021578346	,0.9999918944				},
				},
				{
					{0.9999114178	,-0.0123143742	,-0.0050510169				},
					{0.0122932754	,0.9999156681	,-0.0041871288				},
					{0.0051021528	,0.0041246643	,0.9999784774				},
				},
				{
					{0.9999111102	,-0.0125367434	,-0.0045389229				},
					{0.0125137107	,0.9999088580	,-0.0050678106				},
					{0.0046020431	,0.0050105613	,0.9999768575				},
				},
				{
					{0.9999123353	,-0.0126139497	,-0.0040261517				},
					{0.0125902122	,0.9999035238	,-0.0058676845				},
					{0.0040997779	,0.0058164801	,0.9999746799				},
				},
				{
					{0.9999197368	,-0.0122823515	,-0.0031086508				},
					{0.0122648450	,0.9999091625	,-0.0055893057				},
					{0.0031770182	,0.0055507300	,0.9999795478				},
				},
				{
					{0.9999490969	,-0.0097534887	,-0.0025832171				},
					{0.0097472740	,0.9999495959	,-0.0024075684				},
					{0.0026065690	,0.0023822665	,0.9999937653				},
				},
				{
					{0.9999670344	,-0.0080144853	,-0.0013031377				},
					{0.0080135572	,0.9999676347	,-0.0007158876				},
					{0.0013088330	,0.0007054212	,0.9999988947				},
				},
				{
					{0.9999692330	,-0.0078326517	,-0.0004273292				},
					{0.0078326126	,0.9999693203	,-0.0000929760				},
					{0.0004280443	,0.0000896260	,0.9999999044				},
				},
				{
					{0.9999750076	,-0.0070611381	,0.0003527459				},
					{0.0070609578	,0.9999749412	,0.0005097901				},
					{-0.0003563368	,-0.0005072867	,0.9999998078				},
				},
				{
					{0.9999833916	,-0.0055800730	,0.0014419603				},
					{0.0055785814	,0.9999839025	,0.0010364035				},
					{-0.0014477203	,-0.0010283422	,0.9999984233				},
				},
				{
					{0.9999785498	,-0.0063749974	,0.0015031238				},
					{0.0063719590	,0.9999776635	,0.0020175788				},
					{-0.0015159523	,-0.0020079577	,0.9999968350				},
				},
				{
					{0.9999757787	,-0.0066376720	,0.0020936376				},
					{0.0066340518	,0.9999764956	,0.0017313863				},
					{-0.0021050808	,-0.0017174551	,0.9999963095				},
				},
				{
					{0.9999818448	,-0.0055107348	,0.0024376041				},
					{0.0055067617	,0.9999835032	,0.0016336595				},
					{-0.0024465666	,-0.0016202065	,0.9999956946				},
				},
				{
					{0.9999893607	,-0.0035717915	,0.0029190482				},
					{0.0035699725	,0.9999934304	,0.0006281248				},
					{-0.0029212725	,-0.0006176972	,0.9999955423				},
				},
				{
					{0.9999917737	,-0.0028353874	,0.0029005311				},
					{0.0028354268	,0.9999959801	,-0.0000094782				},
					{-0.0029004926	,0.0000177024	,0.9999957934				},
				},
				{
					{0.9999940362	,-0.0017610119	,0.0029709420				},
					{0.0017615221	,0.9999984342	,-0.0001691274				},
					{-0.0029706395	,0.0001743597	,0.9999955724				},
				},
				{
					{0.9999965702	,-0.0011702557	,0.0023430810				},
					{0.0011728511	,0.9999986999	,-0.0011066168				},
					{-0.0023417829	,0.0011093611	,0.9999966427				},
				},
				{
					{0.9999954865	,0.0002214645	,0.0029963042				},
					{-0.0002161173	,0.9999983839	,-0.0017847888				},
					{-0.0029966947	,0.0017841332	,0.9999939183				},
				},
				{
					{0.9999945666	,0.0006440190	,0.0032329612				},
					{-0.0006391555	,0.9999986630	,-0.0015051413				},
					{-0.0032339262	,0.0015030667	,0.9999936412				},
				},
				{
					{0.9999920291	,0.0008189239	,0.0039078166				},
					{-0.0008122348	,0.9999982029	,-0.0017130257				},
					{-0.0039092124	,0.0017098380	,0.9999908972				},
				},
				{
					{0.9999889211	,-0.0000415173	,0.0047070064				},
					{0.0000513738	,0.9999978064	,-0.0020939126				},
					{-0.0047069092	,0.0020941312	,0.9999867297				},
				},
				{
					{0.9999901354	,0.0002900162	,0.0044322719				},
					{-0.0002759165	,0.9999949012	,-0.0031814227				},
					{-0.0044331719	,0.0031801683	,0.9999851166				},
				},
				{
					{0.9999829151	,0.0012337904	,0.0057137840				},
					{-0.0012046164	,0.9999862360	,-0.0051065439				},
					{-0.0057200058	,0.0050995737	,0.9999706375				},
				},
				{
					{0.9999757241	,0.0025510880	,0.0064840651				},
					{-0.0025030671	,0.9999694620	,-0.0074033527				},
					{-0.0065027537	,0.0073869429	,0.9999515725				},
				},
				{
					{0.9999716394	,0.0033378262	,0.0067512398				},
					{-0.0032824922	,0.9999610683	,-0.0081906679				},
					{-0.0067783160	,0.0081682748	,0.9999436653				},
				},
				{
					{0.9999638441	,0.0039471987	,0.0075319415				},
					{-0.0038762332	,0.9999481801	,-0.0094133906				},
					{-0.0075687077	,0.0093838547	,0.9999273263				},
				},
				{
					{0.9999630619	,0.0026674990	,0.0081706365				},
					{-0.0025966561	,0.9999590538	,-0.0086687960				},
					{-0.0081934260	,0.0086472595	,0.9999290438				},
				},
				{
					{0.9999571998	,0.0021955107	,0.0089876759				},
					{-0.0021164284	,0.9999590480	,-0.0087990402				},
					{-0.0090066263	,0.0087796418	,0.9999208962				},
				},
				{
					{0.9999328349	,0.0039688488	,0.0108891687				},
					{-0.0038816943	,0.9999603591	,-0.0080132797				},
					{-0.0109205405	,0.0079704731	,0.9999086025				},
				},
				{
					{0.9999189835	,0.0052421607	,0.0115994023				},
					{-0.0051619890	,0.9999626576	,-0.0069308939				},
					{-0.0116353020	,0.0068704564	,0.9999087041				},
				},
				{
					{0.9999070736	,0.0061791844	,0.0121516229				},
					{-0.0061008984	,0.9999604649	,-0.0064689798				},
					{-0.0121911155	,0.0063942428	,0.9999052407				},
				},
				{
					{0.9999033917	,0.0055109773	,0.0127607379				},
					{-0.0054460193	,0.9999720648	,-0.0051196261				},
					{-0.0127885955	,0.0050496362	,0.9999054720				},
				},
				{
					{0.9999095644	,0.0043362340	,0.0127302825				},
					{-0.0042822476	,0.9999817359	,-0.0042649885				},
					{-0.0127485440	,0.0042100886	,0.9999098708				},
				},
				{
					{0.9999115219	,0.0044594436	,0.0125324240				},
					{-0.0044175988	,0.9999845819	,-0.0033646249				},
					{-0.0125472352	,0.0033089639	,0.9999158053				},
				},
				{
					{0.9999202917	,0.0027732247	,0.0123174441				},
					{-0.0027382941	,0.9999921844	,-0.0028518289				},
					{-0.0123252566	,0.0028178728	,0.9999200706				},
				},
				{
					{0.9999223337	,0.0042040138	,0.0117325522				},
					{-0.0041775379	,0.9999886743	,-0.0022802121				},
					{-0.0117420053	,0.0022310218	,0.9999285714				},
				},
				{
					{0.9999235262	,0.0049731661	,0.0113229583				},
					{-0.0049524392	,0.9999860108	,-0.0018578257				},
					{-0.0113320392	,0.0018016074	,0.9999341674				},
				},
				{
					{0.9999225068	,0.0055000840	,0.0111682343				},
					{-0.0054776410	,0.9999829185	,-0.0020391327				},
					{-0.0111792590	,0.0019777991	,0.9999355542				},
				},
				{
					{0.9999302240	,0.0047579366	,0.0108124510				},
					{-0.0047382964	,0.9999870789	,-0.0018413353				},
					{-0.0108210723	,0.0017899743	,0.9999398484				},
				},
				{
					{0.9999245567	,0.0059788851	,0.0107300471				},
					{-0.0059607870	,0.9999807588	,-0.0017178671				},
					{-0.0107401116	,0.0016537779	,0.9999409558				},
				},
				{
					{0.9999270076	,0.0074396554	,0.0095200345				},
					{-0.0074285852	,0.9999716905	,-0.0011976630				},
					{-0.0095286752	,0.0011268552	,0.9999539662				},
				},
				{
					{0.9999370475	,0.0072473366	,0.0085660498				},
					{-0.0072400811	,0.9999734051	,-0.0008777144				},
					{-0.0085721831	,0.0008156402	,0.9999629255				},
				},
				{
					{0.9999475513	,0.0068903810	,0.0075774232				},
					{-0.0068854283	,0.9999760643	,-0.0006795039				},
					{-0.0075819238	,0.0006272945	,0.9999710600				},
				},
				{
					{0.9999542373	,0.0068605756	,0.0066675254				},
					{-0.0068580657	,0.9999764035	,-0.0003992308				},
					{-0.0066701070	,0.0003534862	,0.9999776921				},
				},
				{
					{0.9999462929	,0.0087016299	,0.0056296560				},
					{-0.0087013415	,0.9999621397	,-0.0000757227				},
					{-0.0056301018	,0.0000267331	,0.9999841505				},
				},
				{
					{0.9999472227	,0.0087321775	,0.0054130252				},
					{-0.0087296580	,0.9999617763	,-0.0004889131				},
					{-0.0054170876	,0.0004416335	,0.9999852300				},
				},
				{
					{0.9999425315	,0.0093810976	,0.0051892859				},
					{-0.0093785050	,0.9999558837	,-0.0005237127				},
					{-0.0051939699	,0.0004750149	,0.9999863984				},
				},
				{
					{0.9999319435	,0.0102768843	,0.0055221319				},
					{-0.0102712940	,0.9999467083	,-0.0010397592				},
					{-0.0055325231	,0.0009829690	,0.9999842124				},
				},
				{
					{0.9999125818	,0.0121212897	,0.0052823313				},
					{-0.0121156789	,0.9999260052	,-0.0010928885				},
					{-0.0052951876	,0.0010287939	,0.9999854512				},
				},
				{
					{0.9999076991	,0.0128199279	,0.0044991882				},
					{-0.0128152203	,0.9999173053	,-0.0010736025				},
					{-0.0045125796	,0.0010158453	,0.9999893023				},
				},
				{
					{0.9998942269	,0.0141132784	,0.0035143086				},
					{-0.0141088678	,0.9998996499	,-0.0012766891				},
					{-0.0035319742	,0.0012269711	,0.9999930098				},
				},
				{
					{0.9998742966	,0.0156999644	,0.0022140595				},
					{-0.0156964129	,0.9998755036	,-0.0016124017				},
					{-0.0022390985	,0.0015774462	,0.9999962490				},
				},
				{
					{0.9998429714	,0.0177116350	,0.0005749841				},
					{-0.0177101995	,0.9998402519	,-0.0024123628				},
					{-0.0006176192	,0.0024018009	,0.9999969249				},
				},
				{
					{0.9998073592	,0.0195879095	,-0.0012482770				},
					{-0.0195919632	,0.9998025388	,-0.0033224185				},
					{0.0011829513	,0.0033462347	,0.9999937017				},
				},
				{
					{0.9997986390	,0.0200214935	,-0.0013495729				},
					{-0.0200289794	,0.9997826775	,-0.0057825358				},
					{0.0012335046	,0.0058084019	,0.9999823703				},
				},
				{
					{0.9997815009	,0.0207943634	,-0.0021318831				},
					{-0.0208103190	,0.9997533478	,-0.0077572051				},
					{0.0019700511	,0.0077998753	,0.9999676399				},
				},
				{
					{0.9998052203	,0.0196828830	,-0.0014510430				},
					{-0.0196966680	,0.9997540484	,-0.0101923474				},
					{0.0012500713	,0.0102189429	,0.9999470039				},
				},
				{
					{0.9998399572	,0.0178749696	,-0.0007386113				},
					{-0.0178828476	,0.9997610101	,-0.0125748332				},
					{0.0005136600	,0.0125860292	,0.9999206609				},
				},
				{
					{0.9998808321	,0.0154338213	,0.0003447158				},
					{-0.0154272862	,0.9997779935	,-0.0143513990				},
					{-0.0005661362	,0.0143443707	,0.9998969539				},
				},
				{
					{0.9999032296	,0.0138538183	,0.0012661187				},
					{-0.0138332293	,0.9997912748	,-0.0150349138				},
					{-0.0014741454	,0.0150159444	,0.9998861677				},
				},
				{
					{0.9999006140	,0.0139793258	,0.0018277482				},
					{-0.0139496178	,0.9997846359	,-0.0153652225				},
					{-0.0020421501	,0.0153381990	,0.9998802775				},
				},
				{
					{0.9998957362	,0.0143500566	,0.0016101385				},
					{-0.0143232271	,0.9997758339	,-0.0155925319				},
					{-0.0018335312	,0.0155678437	,0.9998771327				},
				},
				{
					{0.9998818856	,0.0152155694	,0.0021682680				},
					{-0.0151806681	,0.9997677956	,-0.0152938630				},
					{-0.0024004693	,0.0152591408	,0.9998806911				},
				},
				{
					{0.9998527927	,0.0171202633	,0.0011355295				},
					{-0.0171030450	,0.9997591862	,-0.0137497427				},
					{-0.0013706553	,0.0137282976	,0.9999048230				},
				},
				{
					{0.9998344300	,0.0181511543	,-0.0012838394				},
					{-0.0181644492	,0.9997718465	,-0.0112386711				},
					{0.0010795516	,0.0112601306	,0.9999360200				},
				},
				{
					{0.9997918734	,0.0201782408	,-0.0030080797				},
					{-0.0202060641	,0.9997504595	,-0.0095254253				},
					{0.0028151227	,0.0095842242	,0.9999501076				},
				},
				{
					{0.9997859002	,0.0203051051	,-0.0039820155				},
					{-0.0203407626	,0.9997514312	,-0.0091284871				},
					{0.0037956708	,0.0092075299	,0.9999504059				},
				},
				{
					{0.9997997673	,0.0194462866	,-0.0047188201				},
					{-0.0194894100	,0.9997670741	,-0.0092714862				},
					{0.0045374250	,0.0093615968	,0.9999458847				},
				},
				{
					{0.9998032015	,0.0189598420	,-0.0058380427				},
					{-0.0190123338	,0.9997780986	,-0.0090710934				},
					{0.0056647607	,0.0091803030	,0.9999418146				},
				},
				{
					{0.9998120079	,0.0182392146	,-0.0065787542				},
					{-0.0182995996	,0.9997898657	,-0.0092384568				},
					{0.0064088696	,0.0093571086	,0.9999356834				},
				},
				{
					{0.9998259460	,0.0174602301	,-0.0065740453				},
					{-0.0175232983	,0.9997997761	,-0.0096613492				},
					{0.0064040396	,0.0097748665	,0.9999317178				},
				},
				{
					{0.9998464247	,0.0163622227	,-0.0062773200				},
					{-0.0164248051	,0.9998145837	,-0.0100510667				},
					{0.0061116983	,0.0101526269	,0.9999297832				},
				},
				{
					{0.9998603404	,0.0153190394	,-0.0066803166				},
					{-0.0153835128	,0.9998345267	,-0.0097091075				},
					{0.0065304770	,0.0098105183	,0.9999305509				},
				},
				{
					{0.9998556441	,0.0156943388	,-0.0065098923				},
					{-0.0157623158	,0.9998203639	,-0.0105256489				},
					{0.0063435298	,0.0106267404	,0.9999234131				},
				},
				{
					{0.9998463092	,0.0160685712	,-0.0070113419				},
					{-0.0161401655	,0.9998169225	,-0.0102769944				},
					{0.0068449216	,0.0103885792	,0.9999226092				},
				},
				{
					{0.9998418659	,0.0160279800	,-0.0077037047				},
					{-0.0161032250	,0.9998222419	,-0.0098066664				},
					{0.0075451543	,0.0099291701	,0.9999222381				},
				},
				{
					{0.9998501044	,0.0150252302	,-0.0086029775				},
					{-0.0151042214	,0.9998436754	,-0.0091916965				},
					{0.0084635253	,0.0093202600	,0.9999207476				},
				},
				{
					{0.9998578154	,0.0143177354	,-0.0089079467				},
					{-0.0144013106	,0.9998522063	,-0.0093897727				},
					{0.0087721898	,0.0095167237	,0.9999162368				},
				},
				{
					{0.9998319154	,0.0146283939	,-0.0110521977				},
					{-0.0147261147	,0.9998527279	,-0.0088127213				},
					{0.0109216541	,0.0089739960	,0.9999000874				},
				},
				{
					{0.9998207407	,0.0152829598	,-0.0111766550				},
					{-0.0153867057	,0.9998387745	,-0.0092560461				},
					{0.0110333933	,0.0094263587	,0.9998946985				},
				},
				{
					{0.9998176013	,0.0150621452	,-0.0117429078				},
					{-0.0151730909	,0.9998405384	,-0.0094167478				},
					{0.0115991989	,0.0095932064	,0.9998867081				},
				},
				{
					{0.9998120981	,0.0147023449	,-0.0126336676				},
					{-0.0148267123	,0.9998419783	,-0.0098074962				},
					{0.0124874780	,0.0099929691	,0.9998720936				},
				},
				{
